2.999999999999999889e-02
3.454190000000000038e-02
3.977130000000000248e-02
4.579249999999999987e-02
5.272530000000000272e-02
6.070770000000000333e-02
6.989860000000000517e-02
8.048089999999999411e-02
9.266530000000000600e-02
1.066939999999999972e-01
1.228469999999999979e-01
1.414459999999999884e-01
1.628600000000000048e-01
1.875169999999999892e-01
2.159059999999999868e-01
2.485930000000000084e-01
2.862290000000000112e-01
3.295620000000000216e-01
3.794569999999999887e-01
4.369049999999999878e-01
5.030499999999999972e-01
5.792089999999999739e-01
6.668990000000000196e-01
7.678639999999999910e-01
8.841160000000000130e-01
1.017970000000000041e+00
1.172080000000000011e+00
1.349529999999999896e+00
1.553840000000000110e+00
1.789090000000000069e+00
2.059950000000000170e+00
2.371809999999999974e+00
2.730890000000000040e+00
3.144340000000000135e+00
3.620379999999999932e+00
4.168490000000000251e+00
4.799579999999999735e+00
5.526209999999999845e+00
6.362849999999999895e+00
7.326159999999999783e+00
8.435309999999999420e+00
9.712369999999999948e+00
1.118280000000000030e+01
1.287579999999999991e+01
1.482510000000000083e+01
1.706960000000000122e+01
1.965390000000000015e+01
2.262940000000000040e+01
2.605529999999999902e+01
3.000000000000000000e+01
