log(E) Area   r68  r80  ERes. BG Rate  Diff Sens   
     -2.00000   1.1744471e-06     0.200000     0.280000     0.200000   0.00039404859  1.00000e-12
     -1.80000   1.4367033e-05     0.200000     0.280000     0.200000   0.00040879414  1.00000e-12
     -1.60000   0.00017575192     0.200000     0.280000     0.200000   0.00042409146  1.00000e-12
     -1.40000    0.0021499765     0.200000     0.280000     0.200000   0.00043996123  1.00000e-12
     -1.20000     0.026300663     0.200000     0.280000     0.200000   0.00045642484  1.00000e-12
     -1.00000      0.32173650     0.200000     0.280000     0.200000   0.00047350454  1.00000e-12
    -0.800000       3.9358086     0.200000     0.280000     0.200000   0.00049122338  1.00000e-12
    -0.600000       48.146748     0.200000     0.280000     0.200000   0.00050960525  1.00000e-12
    -0.400000       588.98007     0.200000     0.280000     0.200000   0.00052867500  1.00000e-12
    -0.200000       7204.9934     0.200000     0.280000     0.200000   0.00054845834  1.00000e-12
      0.00000       36854.834     0.120000     0.168000     0.200000   0.00013022846  1.00000e-12
     0.200000       73416.594     0.120000     0.168000     0.200000   6.5052874e-05  1.00000e-12
     0.400000       117047.03     0.120000     0.168000     0.200000   3.9668043e-05  1.00000e-12
     0.600000       158338.26    0.0800000     0.112000     0.100000   9.4852378e-06  1.00000e-12
     0.800000       189388.57    0.0800000     0.112000     0.100000   4.4577113e-06  1.00000e-12
      1.00000       169162.61    0.0800000     0.112000     0.100000   2.1426960e-06  1.00000e-12
      1.20000       183646.37    0.0800000     0.112000     0.100000   9.4074110e-07  1.00000e-12
      1.40000       207839.00    0.0800000     0.112000     0.100000   4.1177443e-07  1.00000e-12
      1.60000       212289.98    0.0800000     0.112000     0.100000   1.4544720e-07  1.00000e-12
      1.80000       190131.57    0.0800000     0.112000     0.100000   3.9755080e-08  1.00000e-12
      2.00000       158271.89    0.0800000     0.112000     0.100000   1.1465487e-08  1.00000e-12
      2.20000       176209.32    0.0800000     0.112000     0.100000   3.3066863e-09  1.00000e-12
